1 40 3429 36 3 43 1129 202 94 149 2084 28 646 54 737 147 300 151 605 16 1420 214 1142 68 2253 238 1541 245 1413 8 221 7 1939 137 1284 165 1174 183 500 122 1525 23 1003 136 221 200 1755 127 741 173 80 165 2339 130 834 33 75 213 1676 43 1428 137 875 48 1503 245 1599 198 415 235 147 209 2072 18 883 74 1635 186 405 220 1324 59 492
2 40 1338 86 744 214 1373 236 1571 239 2388 54 1468 216 1337 209 496 54 2377 107 1479 17 863 18 675 163 1584 177 1751 62 215 241 1193 152 1857 114 1954 188 1727 77 1769 204 115 112 1858 38 345 136 1731 195 1164 217 1805 135 830 50 1550 88 2261 79 437 192 269 83 342 118 1428 77 1705 205 1850 26 2373 167 118 81 2453 95 1988 55 250 161 979
3 40 2851 234 1256 79 2319 232 1290 110 1680 160 2359 242 518 51 1437 201 1923 194 1826 17 2098 57 1543 121 254 194 1931 35 2215 194 2263 24 2165 160 1022 139 460 65 1030 41 1570 41 1885 67 953 222 1977 199 1512 17 247 119 469 226 1394 196 1585 173 1188 218 997 193 329 184 1925 147 157 96 2370 67 311 160 1134 66 1990 71 1086 169 108 223 1612
4 40 1582 230 580 159 1615 220 810 14 1649 43 1437 145 2021 165 605 86 285 150 1254 216 2450 188 1603 214 1465 78 1745 207 1178 94 1074 86 701 213 418 145 2332 49 2474 177 662 130 994 126 2425 245 1143 248 462 228 2187 139 1056 47 580 57 748 116 556 109 2359 55 1941 102 611 236 186 228 796 166 2292 215 414 20 751 97 1751 25 458 178 1277
5 40 3394 207 946 158 1347 211 1148 232 884 3 168 202 259 140 829 91 1333 56 1120 158 393 74 1321 51 2453 72 1125 198 209 31 1961 42 1225 201 2056 18 1199 13 2024 206 1004 117 1134 215 2111 30 2475 178 1006 204 1536 111 640 60 914 75 1014 61 2317 223 2367 168 1245 78 432 16 562 96 375 30 1271 202 2173 82 1244 106 1971 110 1751 201 961
6 40 1613 22 685 30 1107 248 750 144 274 66 1510 101 585 220 943 235 965 241 1555 116 1249 11 1646 2 2320 61 671 83 869 170 2275 74 644 249 850 80 244 1 2362 142 1605 80 2331 43 355 71 1450 230 2128 14 721 205 231 15 84 64 2438 79 979 150 37 69 478 187 2001 224 2500 81 13 197 1073 225 946 65 523 158 244 241 890 165 17
7 40 589 108 1934 79 809 246 2137 1 517 232 1341 123 177 38 1331 177 1952 210 1392 87 166 241 1505 30 1933 140 377 158 2239 219 1180 97 694 209 1179 126 553 81 1912 183 483 36 1614 217 2431 148 2204 44 1478 112 376 221 1632 226 1182 76 2388 94 2498 149 1586 121 1645 21 1682 192 1475 41 2391 47 569 63 1310 43 1235 241 1183 39 1050 42 1100
8 40 3464 127 1485 73 525 97 2279 108 1051 192 299 204 904 195 2301 175 1582 224 1998 43 2245 13 2126 198 1037 102 250 94 1736 110 2244 181 982 38 1840 207 1340 220 406 240 289 226 1993 1 1876 200 1040 217 2330 19 2287 80 594 178 138 104 2348 234 2100 149 97 50 834 205 790 172 2166 3 2150 1 940 59 743 75 401 195 498 226 1967 42 493
9 40 2625 113 1955 232 412 99 587 103 229 103 743 15 1974 103 1037 239 480 141 40 200 2446 70 1884 36 338 108 682 157 2172 199 2273 129 1162 188 746 185 894 136 2417 88 1532 9 1149 216 789 216 1439 10 332 142 2332 101 2142 218 1720 116 2233 155 505 46 1128 5 1789 132 1573 124 1687 113 227 155 1305 103 682 232 1324 30 1920 61 83 181 261
10 40 2842 47 1947 142 106 245 1416 128 2270 239 352 156 359 127 911 128 2328 80 186 149 439 33 1872 89 710 54 1314 34 96 218 1175 213 1651 232 2048 115 1841 209 2282 36 1958 174 1263 66 575 80 1145 77 1288 221 2260 9 1317 229 908 58 161 190 1424 237 2030 180 589 66 1090 33 1662 93 2264 57 1393 15 952 1 1178 11 2188 94 910 127 1161
11 40 1895 108 462 193 1255 67 48 40 1646 220 2121 17 618 30 2094 244 651 105 2170 204 2368 143 2245 153 305 31 1160 62 1349 122 828 15 1683 78 414 70 1424 249 1718 60 392 219 1856 248 1638 238 1498 20 1630 133 1733 39 1070 124 1834 18 2115 65 1786 229 2028 221 929 74 2418 58 2412 133 2248 149 1153 21 860 163 1718 20 1689 14 1593 1 806
12 40 2768 138 60 64 1296 190 894 5 1936 5 2047 174 1420 177 1600 242 16 164 2424 63 295 67 1518 24 1884 248 205 92 1433 248 937 235 1620 124 21 129 250 225 720 184 1141 232 186 8 1550 121 2358 71 1838 218 1784 123 1909 6 1021 181 1467 75 1019 145 2229 192 334 133 786 179 2447 33 1940 28 1575 156 965 158 2326 169 1852 34 1171 219 2267
13 40 2538 31 1237 82 1928 33 2036 244 1342 124 337 102 1486 10 248 187 778 199 296 215 592 98 1326 80 2309 207 1883 171 1378 107 2331 75 418 242 993 93 501 250 34 96 2097 113 821 120 1402 136 2421 135 1378 72 350 5 1349 217 1979 61 2480 34 759 112 2164 243 287 210 202 117 1603 84 209 205 1280 228 972 234 386 250 2069 196 1973 221 2445
14 40 389 91 924 23 2160 191 307 112 974 4 1995 55 92 236 1915 218 413 64 395 233 1141 6 1336 125 1682 189 43 99 721 159 966 180 1148 87 995 54 2142 4 1913 246 1026 115 2249 248 1450 119 447 196 1790 231 352 228 409 165 2084 16 2120 85 2221 169 543 105 731 39 1239 50 1259 198 1800 82 747 165 1593 23 2248 21 873 86 1014 110 1075
15 40 4824 177 2128 33 1695 238 140 14 2285 117 1843 50 2271 121 293 237 1325 218 195 232 1635 76 2290 224 277 210 958 101 2096 213 1662 114 350 127 2089 230 2413 32 886 44 1299 2 1681 145 253 56 1840 76 2158 21 2391 134 345 229 1758 113 861 40 554 121 1063 19 372 107 1131 231 319 126 835 193 1369 90 1304 151 1435 75 1348 174 789 177 1563
16 40 20 248 974 233 268 214 1144 182 678 126 1216 121 1270 92 1968 19 2440 30 1693 161 452 184 2006 125 1390 146 953 90 1173 160 1190 242 750 106 1492 188 469 6 1749 84 2365 154 285 248 972 210 355 69 2139 57 281 29 1810 28 2013 162 2061 93 2484 110 1689 129 1403 189 1514 8 1 40 1481 9 1387 198 2065 165 1736 87 804 145 1491 250 1916
17 40 1683 96 2316 188 1457 195 559 13 1002 3 1589 39 1762 230 629 196 1554 224 1345 55 609 159 2298 147 1224 7 1611 162 467 228 307 45 1886 108 115 76 1370 244 1674 24 1281 25 2446 100 419 23 2095 68 1960 62 656 50 1898 183 1762 202 1871 156 453 45 635 93 1208 242 979 249 2494 117 786 220 1476 140 552 28 381 47 94 171 2236 129 127
18 40 919 182 2265 87 1356 172 1180 180 2125 120 1184 129 204 49 1893 151 2372 183 788 14 1928 220 787 99 199 128 1344 199 20 115 922 150 914 167 863 209 1065 32 641 248 1417 181 1156 45 1989 178 210 53 614 245 1688 14 466 133 610 160 312 99 1292 206 909 144 100 137 9 112 1608 65 1461 77 616 200 163 189 1782 139 813 170 1978 245 2422
19 40 704 230 2288 37 900 117 521 52 695 185 2434 6 938 168 1446 237 944 93 1138 47 1117 20 492 116 1589 236 2056 55 1760 75 331 132 1570 162 1851 93 599 27 639 137 1843 4 1509 164 136 123 611 96 574 219 1645 176 1233 43 1871 47 2264 117 2363 233 2104 142 1330 220 1514 5 757 43 2252 249 1998 41 1040 26 23 89 2431 44 2439 240 1534
20 40 4022 241 1756 123 2029 93 172 235 39 158 1871 138 579 135 2031 106 134 212 1604 220 1026 201 815 157 2402 88 103 37 688 240 1802 158 673 161 2281 107 1363 238 914 10 146 103 1948 131 999 76 729 64 293 177 450 92 2170 9 101 124 512 40 1485 213 607 218 2198 117 1728 92 567 235 979 105 2295 128 1354 125 1973 210 95 46 1653 100 1216
21 40 4211 22 491 103 841 221 870 69 2332 230 1 139 1209 82 127 160 1815 6 1369 203 376 102 1381 114 532 33 481 13 650 81 1688 45 1422 130 1538 229 2455 222 934 38 1578 172 542 201 1088 246 349 200 946 109 1595 35 1243 178 834 156 1577 184 349 53 1795 191 2454 115 2015 15 2009 181 1653 64 1625 58 626 104 21 140 995 78 37 67 1545
22 40 2885 238 2033 51 1590 172 759 26 2215 245 936 97 1400 171 536 51 573 143 1511 232 1363 71 1067 39 2352 187 2494 116 2402 194 50 93 2162 102 123 123 1882 95 1459 206 27 96 1815 12 1181 8 289 101 1250 146 2283 186 1194 113 1853 53 873 128 2336 86 1551 45 1118 93 2032 227 1406 236 785 211 541 175 1926 176 80 225 985 190 1540 214 206
23 40 38 123 1490 166 326 51 1000 45 2098 103 962 118 2445 16 1913 38 171 180 1344 64 2308 113 1927 83 2303 235 534 6 2000 64 353 250 1761 193 2187 207 396 92 496 11 2156 41 1075 83 1161 151 1518 2 2126 201 2319 150 1618 13 125 107 2209 191 475 213 1063 101 918 83 680 2 1633 12 852 18 1464 206 1512 163 786 129 849 73 803 159 2040
24 40 212 112 990 119 1992 135 611 148 1507 94 701 65 698 100 2244 31 55 95 1976 127 1522 160 1083 124 2265 39 924 25 1971 179 655 195 2061 10 813 111 1546 85 813 25 2428 105 2060 166 924 17 1383 154 1751 182 2259 31 1867 207 967 67 2161 116 154 241 2112 2 698 141 2259 126 1277 25 2317 186 800 12 233 248 1090 53 1593 29 2237 145 674
25 40 2414 154 398 145 1742 243 485 210 1393 54 2107 48 1819 3 861 167 1570 40 374 248 1628 190 932 33 2403 74 1752 46 268 54 2110 166 1913 24 2395 86 1351 3 1183 218 1266 224 1493 131 465 92 1948 21 202 114 804 157 347 113 446 2 1289 44 1787 229 1580 76 1393 228 1321 107 455 119 1783 18 1791 116 543 134 1083 13 1712 112 2002 134 1628
26 40 3870 3 1360 41 1262 102 1658 102 1776 14 29 37 711 216 1071 187 2200 62 146 32 2122 19 867 42 1741 200 975 223 2013 246 1343 19 2397 162 1632 169 497 8 2163 203 734 53 2480 55 1617 147 897 191 2027 76 236 65 991 184 2340 186 2405 185 2342 30 644 152 92 210 229 178 257 172 1767 152 1564 18 1677 104 2008 87 1016 175 2382 141 1184
27 40 2055 203 1222 59 839 211 605 104 1204 213 1605 74 195 202 1994 57 2325 50 264 50 1598 90 1390 184 991 86 696 44 1155 166 1669 206 2108 70 1101 167 1668 108 1464 145 647 1 2332 246 2221 83 2104 204 1414 192 83 141 2153 91 307 138 2074 3 1138 90 1448 96 1413 188 1458 31 1352 219 2198 140 2335 178 2100 204 24 51 357 137 796 194 1462
28 40 3375 79 1065 97 2032 5 2500 169 1743 36 515 143 401 178 780 193 2194 181 684 186 1678 171 1164 38 1260 90 2033 97 521 187 981 177 1986 30 2 215 1361 130 1890 124 2359 120 720 38 326 150 1797 174 875 15 2224 32 92 169 1017 22 1821 137 2362 132 350 45 1394 129 1548 98 1371 238 1647 216 622 143 48 91 843 94 1056 83 1559 215 1493
29 40 3332 173 315 13 1988 78 374 180 461 85 2210 16 2433 63 2217 24 393 155 361 27 739 62 1283 247 2119 97 503 1 2462 24 280 17 786 45 1630 102 2148 83 761 156 992 186 440 44 1104 220 387 128 713 84 1 167 1674 120 1263 112 2381 38 850 126 690 121 966 124 900 38 901 134 2144 84 549 249 972 207 1321 186 1232 90 2295 5 1117
30 40 2303 10 2109 191 1621 94 1773 174 1464 179 1429 55 744 95 4 39 1983 91 1422 214 1774 214 944 46 2298 91 700 136 2435 179 439 162 1102 227 2338 235 1246 35 209 56 1140 108 856 31 309 80 2490 156 1787 105 1529 73 1568 168 1242 222 626 188 1448 213 407 81 1179 169 2239 124 252 31 1035 226 2232 249 2477 75 1301 6 623 90 578 87 612
31 40 3838 60 1294 194 2109 76 1636 120 902 226 2145 151 538 191 1984 108 174 206 769 224 512 40 1217 36 1090 241 1083 54 1851 175 2045 118 1172 62 458 78 1461 222 182 150 17 109 1591 76 1625 136 2219 101 840 180 622 227 1594 60 801 231 2457 107 721 134 98 76 1610 190 691 1 222 64 2065 246 1843 195 400 108 137 45 2437 189 1723 193 950
32 40 2145 120 1065 206 2145 66 990 184 1606 164 935 67 1428 215 406 88 2364 99 578 21 1950 8 2326 89 2223 8 303 32 304 90 863 237 719 248 2017 59 1111 250 2269 60 1340 182 1770 161 43 20 1661 28 104 240 407 46 1305 58 2200 147 1662 213 706 249 2450 58 2151 191 1625 65 2043 106 441 56 907 62 937 34 1111 3 1422 140 1187 67 1050
33 40 2161 162 1513 29 1401 129 2336 69 68 223 1576 145 1930 5 669 122 1854 98 1054 174 823 227 1647 194 1625 96 1379 46 1541 184 459 37 1111 169 1267 231 2255 78 1704 89 1156 98 2387 32 1144 150 499 136 898 220 1949 56 1177 111 2232 134 2316 148 1733 3 1366 55 393 119 1441 137 841 46 721 31 185 39 1478 85 252 90 1894 31 2079 78 577
34 40 886 25 832 109 534 39 764 114 2024 212 1712 210 563 213 1216 206 307 25 1021 109 129 196 1651 158 687 106 1545 9 1689 34 2290 226 372 90 1823 21 2042 236 1976 161 2038 232 175 108 366 70 2206 8 943 24 306 148 584 170 463 234 2005 96 2432 230 1842 41 924 158 1989 159 1148 229 1571 3 1867 193 1712 17 2494 162 1914 113 2059 169 1484
35 40 4203 67 2145 25 343 190 1228 236 2473 94 355 101 1244 88 243 209 1537 21 1171 249 2009 225 1198 89 825 98 1808 181 386 178 136 237 1896 208 1956 126 581 26 2002 19 327 243 1089 74 1062 149 838 217 651 51 2399 121 447 68 1189 89 2268 121 145 156 1022 241 413 79 247 202 2036 38 1549 26 1994 75 1994 3 1890 139 2488 16 2164 34 736
36 40 3845 23 1101 67 529 159 2492 228 2373 17 144 26 2063 219 221 213 1274 238 2301 245 208 18 2247 80 1903 93 1868 29 112 166 1394 239 2036 47 666 7 637 223 1562 167 489 140 716 135 1301 159 11 180 366 122 856 223 149 191 879 82 1027 99 2049 60 1725 34 1615 12 969 234 849 27 578 63 1738 167 2157 85 1458 94 2162 87 1439 106 2447
37 40 2580 13 1857 126 2422 241 2080 176 1021 135 498 128 790 34 137 70 583 71 1853 2 2427 151 1977 239 1920 106 749 70 1796 168 2131 209 1641 222 386 95 1393 238 1675 146 365 73 405 127 2265 71 1592 19 339 114 96 193 2357 219 1620 194 2411 214 1251 113 1212 138 1490 92 44 134 1926 244 260 245 2351 148 1676 19 1645 99 605 191 539 204 2405
38 40 2568 47 602 99 78 69 371 18 99 71 525 29 1367 178 394 150 2411 216 1603 126 605 2 1012 122 326 245 1884 174 2141 59 587 197 2025 198 522 53 844 204 33 135 531 74 1131 219 1299 234 239 223 919 155 2336 105 335 236 1765 226 96 149 470 177 1570 229 444 96 1007 37 1938 197 387 34 2059 74 1539 200 1346 135 1216 32 96 34 1421
39 40 4597 227 818 177 985 46 166 88 1409 226 1549 31 1744 47 1542 72 389 237 1619 175 2490 169 1570 202 1514 145 1898 120 2221 24 908 174 1808 233 1149 203 1417 148 2091 105 199 158 1116 90 1421 221 1592 195 1021 197 1532 203 1413 173 310 227 519 128 2036 228 1020 200 328 226 1361 176 616 130 1412 108 37 127 866 180 2384 132 56 111 2228 197 293
40 40 1402 85 1953 243 1207 70 1375 90 1775 131 747 75 409 11 2330 96 2346 127 2022 193 2422 1 1391 166 411 26 1739 37 1900 108 1964 57 108 37 957 52 1103 20 1616 31 2209 182 35 100 1001 204 1396 137 776 221 1005 25 650 117 1407 120 1537 195 334 115 967 59 774 115 1502 164 1000 58 1750 108 289 50 1528 106 1394 68 1147 140 2059 39 2113
41 40 3566 239 1 156 2400 113 200 21 2184 65 1461 17 2264 101 1689 143 2004 116 318 198 708 76 1003 24 348 238 60 21 1620 48 1296 173 2255 217 1920 181 809 80 400 29 2279 8 1149 175 2180 183 541 86 1225 103 1610 58 692 166 1711 119 1586 171 1776 187 430 82 1061 164 628 122 957 89 2390 62 694 240 713 118 796 197 1599 18 988 201 1186
42 40 3465 174 619 1 1499 190 308 197 1263 78 1537 58 2374 182 1330 92 298 168 1524 48 2446 244 2164 11 2098 143 2261 248 1737 72 1933 199 2000 228 776 36 1171 166 322 185 1590 14 354 199 1898 183 282 45 1979 22 2498 21 283 66 106 77 898 208 684 15 1644 168 1517 239 1942 2 1235 45 596 247 1972 103 559 115 917 29 595 88 6 32 110
43 40 1432 7 647 10 157 196 1509 235 1444 71 2499 13 992 217 764 145 1083 167 1213 107 1482 60 1915 241 1774 77 120 31 718 200 2013 232 1744 152 1694 206 1868 39 2024 195 798 55 592 130 1375 41 511 126 110 163 1725 63 1375 68 620 9 1426 51 408 195 788 189 1000 238 2490 110 2437 174 221 229 1912 82 960 215 2289 215 1821 49 125 165 2385
44 40 484 80 2095 50 24 192 857 20 509 142 1820 206 1119 142 768 129 878 190 1899 48 1554 93 1534 84 439 195 1014 226 2255 175 2433 73 2050 190 1814 112 1783 246 233 233 589 132 2004 150 507 210 1681 83 2296 196 1588 228 275 37 1698 28 1161 202 703 242 1995 15 1783 219 1305 204 1460 220 2417 174 2393 159 257 114 1689 54 2141 19 396 224 811
45 40 1846 246 2300 19 2342 109 1754 150 206 165 1594 161 1343 127 273 128 2153 180 1245 219 1078 27 1426 217 1266 217 2359 148 726 95 1322 205 1337 45 1906 139 1445 183 2010 114 1839 39 146 192 2008 62 1272 1 1708 192 422 170 119 8 2078 228 2376 64 117 42 15 207 206 116 1049 157 1844 40 2095 7 1867 225 1470 50 645 161 693 114 1053 20 1335
46 40 4026 26 1800 213 519 64 1035 101 937 51 1187 136 1613 188 1560 89 501 42 790 202 1545 35 1087 17 1211 229 652 28 2072 60 1263 14 134 240 599 60 400 167 801 237 233 119 458 177 541 226 528 34 1513 212 741 95 2265 207 2369 151 730 37 2146 39 2004 116 746 225 1498 166 267 204 2065 179 2251 178 823 15 575 158 2343 174 911 200 385
47 40 5225 224 2190 134 211 150 1207 197 2104 37 1414 188 1631 108 1101 221 509 241 1025 47 376 200 2173 115 2120 184 1487 118 1683 187 2424 20 1103 107 479 143 346 56 2355 102 1362 99 1524 232 719 175 738 177 2435 221 684 218 1077 218 2323 3 10 235 996 81 1537 238 2404 212 586 158 1553 48 1667 193 2024 186 2431 37 985 95 2490 95 1797 50 1275
48 40 2324 65 683 98 1659 17 161 166 2445 143 290 229 2448 179 57 183 1871 47 2001 212 589 55 2381 200 23 134 2246 38 1526 68 2022 130 1749 60 930 112 1137 201 1630 221 50 236 2249 141 1997 16 1533 41 795 46 118 39 2175 234 1519 82 1276 173 757 13 660 34 713 229 214 81 1466 150 1868 116 2351 68 1997 128 1111 159 562 45 1552 177 2089
49 40 4626 118 1498 167 121 193 184 240 2093 149 572 42 1673 106 789 40 2415 106 1083 250 1327 103 83 66 583 25 704 196 1930 55 1891 115 1443 250 756 87 1951 234 2041 93 1233 147 677 224 44 220 2012 204 1001 233 1515 184 430 22 1313 95 2260 140 1709 221 1335 120 2296 26 1915 175 1951 12 1495 199 454 69 1928 66 695 130 1866 63 2255 22 1525
50 40 615 101 1778 90 1754 20 883 31 2036 136 2470 75 187 86 1710 185 130 172 2111 15 2153 26 1532 26 1337 64 745 219 1984 116 1184 162 2042 112 1668 27 1586 20 1582 244 567 64 317 20 1190 62 2265 156 2055 164 1731 90 2120 239 1155 207 1771 202 1004 247 132 136 1799 220 2237 166 1649 183 416 106 571 203 1253 158 1529 138 104 32 2371 1 474
